[gd_scene load_steps=5 format=2]

[ext_resource path="res://数学/向量/向量3d.gd" type="Script" id=1]

[sub_resource type="CubeMesh" id=1]

[sub_resource type="SpatialMaterial" id=2]
albedo_color = Color( 0.976471, 0.0196078, 0.0196078, 1 )

[sub_resource type="SpatialMaterial" id=3]
albedo_color = Color( 0.152941, 0.894118, 0.160784, 1 )

[node name="Spatial" type="Spatial"]
script = ExtResource( 1 )

[node name="shot_point" type="MeshInstance" parent="."]
transform = Transform( 0.275416, -0.875844, 0.396287, 0.499843, 0.482595, 0.719207, -0.821159, 0, 0.570699, -6.71293, -8.20149, -14.9154 )
mesh = SubResource( 1 )
material/0 = null
__meta__ = {
"_editor_description_": "子弹发射点"
}

[node name="zidan" type="MeshInstance" parent="shot_point"]
transform = Transform( 0.687772, 0, 0.725927, -0.261024, 0.933117, 0.247305, -0.677375, -0.359573, 0.641772, -1.89506, -13.3742, 9.53674e-07 )
mesh = SubResource( 1 )
skeleton = NodePath("../..")
material/0 = SubResource( 2 )
__meta__ = {
"_editor_description_": "子弹发射点"
}

[node name="player" type="MeshInstance" parent="."]
transform = Transform( -0.382165, 0.332641, 0.862149, -0.775884, 0.391267, -0.494889, -0.501951, -0.858056, 0.108562, -9.11126, 4.55962, 6.37801 )
mesh = SubResource( 1 )
material/0 = SubResource( 3 )
__meta__ = {
"_editor_description_": "子弹发射点"
}

[node name="Camera" type="Camera" parent="."]
transform = Transform( 1, 0, 0, 0, -4.37114e-08, 1, 0, -1, -4.37114e-08, 0.517781, 29.6939, 0.0918484 )
